1 0 -2 0.146 329 712 131 67 18 2 3 -0.441 418 453 308 46 × 10-5
2 0 -1 - 0.845 481 871 691 14 19 2 17 -0.726 949 962 975 94 × 10-15
3 0 0 - 0.375 636 036 720 40 × 101 20 3 -4 -0.316 796 448 450 54 × 10-4
4 0 1 0.338 551 691 683 85 × 101
 21 3 0 -0.282 707 979 853 12 × 10-5
5 0 2 - 0.957 919 633 878 72 22 3 6 -0.852 051 281 201 03 × 10-9
6 0 3 0.157 720 385 132 28 23 4 -5 -0.224 252 819 080 00 × 10-5
7 0 4 - 0.166 164 171 995 01 × 10-1 24 4 -2 -0.651 712 228 956 01 × 10-6
8 0 5 0.812 146 299 835 68 × 10-3 25 4 10 -0.143 417 299 379 24 × 10-12
9 1 -9 0.283 190 801 238 04 × 10-3 26 5 -8 -0.405 169 968 601 17 × 10-6
10 1 -7 - 0.607 063 015 658 74 × 10-3 27 8 -11 -0.127 343 017 416 41 × 10-8
11 1 -1 - 0.189 900 682 184 19 × 10-1 28 8 -6 -0.174 248 712 306 34 × 10-9
12 1 0 - 0.325 297 487 705 05 × 10-1 29 21 -29 -0.687 621 312 955 31 × 10-18
13 1 1 - 0.218 417 171 754 14 × 10-1 30 23 -31 0.144 783 078 285 21 × 10-19
14 1 3 - 0.528 383 579 699 30 × 10-4 31 29 -38 0.263 357 816 627 95 × 10-22
15 2 -3 - 0.471 843 210 732 67 × 10-3 32 30 -39 -0.119 476 226 400 71 × 10-22
16 2 0 - 0.300 017 807 930 26 × 10-3 33 31 -40 0.182 280 945 814 04 × 10-23
17 2 1 0.476 613 939 069 87 × 10-4 34 32 -41 -0.935 370 872 924 58 × 10-25
